0.6110091743119266
0.6217125382262997
0.6247706422018349
0.636085626911315
0.6574923547400612
0.6428134556574924
0.6807339449541284
0.6819571865443425
0.7097859327217125
0.7146788990825688
0.7165137614678899
0.7204892966360856
0.7259938837920489
0.7314984709480122
0.7311926605504587
0.7311926605504587
0.7330275229357798
0.7253822629969419
0.7388379204892966
0.7373088685015291
0.7519877675840979
0.7437308868501529
0.7415902140672783
0.7446483180428135
0.7504587155963303
0.745565749235474
0.746177370030581
0.7532110091743119
0.7474006116207951
0.7513761467889908
0.7437308868501529
0.7345565749235474
0.7498470948012232
0.7486238532110092
0.7519877675840979
0.7498470948012232
0.7489296636085627
0.6162079510703364
0.6217125382262997
0.6217125382262997
0.6217125382262997
0.6217125382262997
0.6486238532110091
0.6559633027522935
0.6501529051987768
0.6666666666666666
0.6605504587155964
0.6400611620795107
0.7030581039755351
0.6798165137614679
0.7058103975535168
0.6935779816513762
0.710703363914373
0.6948012232415902
0.7064220183486238
0.7070336391437309
0.6951070336391437
0.7033639143730887
0.7012232415902141
0.726605504587156
0.7259938837920489
0.7128440366972477
0.7290519877675841
0.7165137614678899
0.7223241590214067
0.7299694189602447
0.7296636085626911
0.7311926605504587
0.7201834862385321
0.7128440366972477
0.7207951070336391
0.727217125382263
0.7299694189602447
0.7290519877675841
0.6149847094801223
0.6226299694189602
0.6293577981651376
0.6330275229357798
0.6614678899082569
0.6678899082568808
0.6807339449541284
0.689908256880734
0.655045871559633
0.7036697247706422
0.6981651376146789
0.7015290519877676
0.708868501529052
0.7110091743119266
0.727217125382263
0.7311926605504587
0.7244648318042813
0.7321100917431193
0.728440366972477
0.7262996941896025
0.7281345565749235
0.7259938837920489
0.7382262996941896
0.7363914373088685
0.7318042813455657
0.7403669724770642
0.7483180428134557
0.7409785932721713
0.7409785932721713
0.7379204892966361
0.7342507645259939
0.7428134556574923
0.7418960244648318
0.7305810397553517
0.7412844036697248
0.7458715596330275
0.745565749235474
0.5782874617737003
0.6211009174311927
0.6247706422018349
0.6406727828746177
0.6474006116207951
0.6642201834862386
0.6761467889908257
0.6565749235474007
0.7042813455657493
0.6850152905198776
0.7006116207951071
0.6892966360856269
0.7201834862385321
0.7229357798165138
0.6859327217125383
0.7235474006116208
0.7009174311926606
0.7262996941896025
0.7165137614678899
0.7339449541284404
0.7318042813455657
0.7373088685015291
0.7269113149847095
0.7302752293577982
0.7391437308868501
0.728440366972477
0.7256880733944954
0.7388379204892966
0.7391437308868501
0.736697247706422
0.7293577981651376
0.735474006116208
0.7409785932721713
0.7464831804281346
0.7412844036697248
0.7412844036697248
0.7409785932721713
0.591131498470948
0.6223241590214067
0.6250764525993884
0.6308868501529052
0.6409785932721712
0.671559633027523
0.6718654434250765
0.6788990825688074
0.6804281345565749
0.6984709480122324
0.7015290519877676
0.6954128440366972
0.7076452599388379
0.7131498470948012
0.7097859327217125
0.7244648318042813
0.7021406727828746
0.708256880733945
0.7051987767584098
0.7027522935779816
0.7256880733944954
0.7287461773700306
0.7195718654434251
0.7042813455657493
0.7244648318042813
0.7293577981651376
0.7244648318042813
0.7336391437308869
0.7305810397553517
0.7250764525993884
0.7305810397553517
0.7305810397553517
0.7311926605504587
0.7330275229357798
0.7308868501529052
0.7235474006116208
0.7287461773700306
0.6140672782874618
0.6287461773700306
0.6403669724770642
0.653211009174312
0.6596330275229357
0.6574923547400612
0.6718654434250765
0.6896024464831805
0.7009174311926606
0.7024464831804281
0.6908256880733945
0.7042813455657493
0.7137614678899082
0.7220183486238532
0.72782874617737
0.7171253822629969
0.7134556574923547
0.7128440366972477
0.7189602446483181
0.709480122324159
0.7269113149847095
0.7370030581039755
0.7385321100917431
0.728440366972477
0.744954128440367
0.736697247706422
0.7434250764525994
0.7330275229357798
0.7318042813455657
0.7214067278287462
0.72782874617737
0.7333333333333333
0.7171253822629969
0.7400611620795107
0.7403669724770642
0.7443425076452599
0.744954128440367
