0.3193071828833418
0.7875700458481916
0.8057055527254203
0.8132450331125828
0.8297503820682629
0.8171166581762608
0.8293428425878757
0.8263881813550688
0.8346408558329088
0.8393275598573612
0.8393275598573612
0.8347427407030056
0.8373917473255221
0.8435048395313296
0.8407539480387163
0.8406520631686195
0.31920529801324504
0.7898115129903209
0.8035659704533876
0.7977585328578706
0.8280183392766174
0.8222109016811003
0.829240957717779
0.8289353031074885
0.834538970962812
0.8329088130412634
0.8316861946001018
0.8329088130412634
0.8377992868059093
0.8380030565461029
0.8376974019358125
0.8374936321956189
0.31900152827305145
0.7885888945491595
0.8035659704533876
0.8061130922058074
0.8210901681100357
0.8260825267447784
0.8307692307692308
0.829648497198166
0.8322975038206827
0.8371879775853286
0.83555781966378
0.8327050433010698
0.8360672440142639
0.8392256749872644
0.841365257259297
0.8428935303107489
0.31940906775343864
0.7894039735099337
0.7955170657157412
0.8060112073357106
0.81365257259297
0.8273051451859399
0.8280183392766174
0.8325012735608762
0.8297503820682629
0.8329088130412634
0.8318899643402955
0.8372898624554254
0.8329088130412634
0.8374936321956189
0.8391237901171676
0.8377992868059093
0.31981660723382577
0.7895058583800305
0.8115129903209374
0.8141619969434539
0.8240448293428426
0.8293428425878757
0.8263881813550688
0.83555781966378
0.8343352012226184
0.8373917473255221
0.8377992868059093
0.8396332144676516
0.8353540499235863
0.8409577177789098
0.8410596026490066
0.8445236882322975
0.31940906775343864
0.7970453387671931
0.8181355068772287
0.81650534895568
0.8253693326541008
0.8297503820682629
0.8336220071319409
0.8266938359653592
0.8356597045338767
0.8388181355068772
0.8403464085583291
0.8383087111563933
0.8404482934284259
0.840855832908813
0.8398369842078451
0.8433010697911361
0.31920529801324504
0.8002037697401936
0.8084564442180336
0.8268976057055527
0.817014773306164
0.8259806418746816
0.8267957208354559
0.823331635252165
0.8307692307692308
0.8377992868059093
0.8381049414161997
0.8399388690779419
0.8391237901171676
0.8356597045338767
0.8383087111563933
0.8392256749872644
0.3195109526235354
0.7915435557819663
0.8045848191543555
0.8114111054508405
0.8255731023942945
0.8322975038206827
0.83015792154865
0.8329088130412634
0.8366785532348446
0.8383087111563933
0.8311767702496179
0.8381049414161997
0.8387162506367805
0.8423841059602649
0.8407539480387163
0.8405501782985226
0.3191034131431482
0.7904228222109017
0.808762098828324
0.8122261844116149
0.8255731023942945
0.8299541518084564
0.8310748853795211
0.829648497198166
0.8309730005094244
0.8330106979113602
0.8372898624554254
0.8344370860927153
0.835048395313296
0.8406520631686195
0.841874681609781
0.840855832908813
0.31940906775343864
0.7916454406520632
0.8060112073357106
0.81650534895568
0.8252674477840041
0.8259806418746816
0.8273051451859399
0.8222109016811003
0.8311767702496179
0.8379011716760061
0.8428935303107489
0.8313805399898115
0.8349465104431992
0.8398369842078451
0.8383087111563933
0.8405501782985226
