0.3195109526235354
0.7937850229240958
0.8105960264900662
0.8132450331125828
0.823331635252165
0.8281202241467143
0.8319918492103923
0.8275089149261334
0.8321956189505858
0.8344370860927153
0.8330106979113602
0.8346408558329088
0.8356597045338767
0.8346408558329088
0.8401426388181356
0.839429444727458
0.36586856851757515
0.7978604177279673
0.8072338257768721
0.8141619969434539
0.823841059602649
0.8228222109016811
0.8312786551197148
0.832603158430973
0.8276107997962303
0.8339276617422313
0.8371879775853286
0.8357615894039735
0.8383087111563933
0.8380030565461029
0.8429954151808456
0.8427916454406521
0.32470708099847173
0.7899133978604177
0.8069281711665818
0.8110035659704534
0.8283239938869078
0.8289353031074885
0.8300560366785532
0.8290371879775853
0.8298522669383597
0.8354559347936832
0.8383087111563933
0.8380030565461029
0.8425878757004585
0.8391237901171676
0.8414671421293938
0.841365257259297
0.3151299032093734
0.7937850229240958
0.8060112073357106
0.8105960264900662
0.8253693326541008
0.8313805399898115
0.8356597045338767
0.8278145695364238
0.8226184411614875
0.8366785532348446
0.8401426388181356
0.8403464085583291
0.8419765664798777
0.8377992868059093
0.8439123790117168
0.8416709118695873
0.3171676006113092
0.7921548650025472
0.8004075394803871
0.8154865002547121
0.8166072338257768
0.8247580234335201
0.8221090168110036
0.8275089149261334
0.8276107997962303
0.8302598064187469
0.8308711156393276
0.8330106979113602
0.8340295466123281
0.8328069281711665
0.835048395313296
0.8354559347936832
0.32470708099847173
0.7897096281202242
0.8
0.8080489047376465
0.8202750891492613
0.822414671421294
0.8244523688232297
0.8269994905756495
0.8210901681100357
0.8288334182373918
0.8352521650534895
0.8343352012226184
0.8393275598573612
0.8358634742740703
0.8382068262862965
0.8372898624554254
0.3694345389709628
0.7879775853285788
0.8017320427916454
0.8122261844116149
0.819460010188487
0.8259806418746816
0.8285277636271013
0.8294447274579725
0.8251655629139073
0.8365766683647479
0.8333163525216505
0.8329088130412634
0.8339276617422313
0.8335201222618441
0.8379011716760061
0.8374936321956189
0.3248089658685685
0.7922567498726439
0.8066225165562914
0.8134488028527763
0.8198675496688742
0.8249617931737137
0.8253693326541008
0.8272032603158431
0.8317880794701987
0.8314824248599083
0.8319918492103923
0.8338257768721344
0.83555781966378
0.8366785532348446
0.8379011716760061
0.8382068262862965
0.31798267957208354
0.7944982170147733
0.8049923586347427
0.8109016811003565
0.8256749872643913
0.8264900662251655
0.8314824248599083
0.8315843097300051
0.8235354049923587
0.8385124808965868
0.8363728986245542
0.8400407539480387
0.8398369842078451
0.8422822210901681
0.8459500764136526
0.8445236882322975
0.3584309730005094
0.7907284768211921
0.8079470198675497
0.8139582272032603
0.8227203260315843
0.8294447274579725
0.8333163525216505
0.8289353031074885
0.8269994905756495
0.8330106979113602
0.8376974019358125
0.8375955170657158
0.83841059602649
0.8376974019358125
0.8437086092715231
0.8410596026490066
