0.6110091743119266
0.6483180428134556
0.7097859327217125
0.7345565749235474
0.7440366972477064
0.7223241590214067
0.7391437308868501
0.7394495412844037
0.7250764525993884
0.7388379204892966
0.7376146788990826
0.7452599388379205
0.7547400611620795
0.7311926605504587
0.7559633027522936
0.745565749235474
0.7321100917431193
0.7532110091743119
0.754434250764526
0.7425076452599388
0.7529051987767584
0.7513761467889908
0.7464831804281346
0.7547400611620795
0.7571865443425077
0.7504587155963303
0.7565749235474006
0.7614678899082569
0.7608562691131499
0.7614678899082569
0.7568807339449541
0.7599388379204893
0.7474006116207951
0.7489296636085627
0.7516819571865443
0.7519877675840979
0.7596330275229358
0.7507645259938838
0.7541284403669725
0.7532110091743119
0.7535168195718654
0.7571865443425077
0.7556574923547401
0.7568807339449541
0.7547400611620795
0.7516819571865443
0.7596330275229358
0.7599388379204893
0.7599388379204893
0.3764525993883792
0.5960244648318043
0.6574923547400612
0.7085626911314985
0.7229357798165138
0.7333333333333333
0.7376146788990826
0.7299694189602447
0.692354740061162
0.6975535168195719
0.736085626911315
0.7464831804281346
0.7418960244648318
0.7458715596330275
0.7532110091743119
0.7342507645259939
0.7425076452599388
0.7434250764525994
0.7483180428134557
0.7397553516819572
0.7382262996941896
0.7370030581039755
0.7287461773700306
0.7370030581039755
0.7477064220183486
0.7489296636085627
0.7409785932721713
0.7415902140672783
0.7467889908256881
0.7519877675840979
0.7434250764525994
0.7495412844036697
0.7486238532110092
0.7498470948012232
0.7547400611620795
0.7553516819571865
0.7516819571865443
0.7556574923547401
0.7504587155963303
0.7513761467889908
0.7507645259938838
0.7507645259938838
0.7495412844036697
0.7562691131498471
0.7525993883792049
0.7525993883792049
0.7529051987767584
0.7525993883792049
0.7525993883792049
0.38960244648318043
0.645565749235474
0.6813455657492354
0.6914373088685015
0.7070336391437309
0.7033639143730887
0.6801223241590214
0.7146788990825688
0.672782874617737
0.6978593272171254
0.7220183486238532
0.7091743119266055
0.7073394495412844
0.7012232415902141
0.7207951070336391
0.7204892966360856
0.7211009174311926
0.7348623853211009
0.7296636085626911
0.7290519877675841
0.7195718654434251
0.7140672782874617
0.727217125382263
0.7305810397553517
0.7220183486238532
0.7229357798165138
0.727217125382263
0.7259938837920489
0.7311926605504587
0.7370030581039755
0.7281345565749235
0.7220183486238532
0.7259938837920489
0.7318042813455657
0.7357798165137615
0.7342507645259939
0.7333333333333333
0.736085626911315
0.7299694189602447
0.728440366972477
0.7348623853211009
0.7305810397553517
0.7287461773700306
0.7370030581039755
0.7302752293577982
0.7336391437308869
0.7321100917431193
0.7324159021406728
0.7324159021406728
0.045565749235474004
0.6694189602446483
0.6767584097859327
0.6972477064220184
0.7198776758409786
0.7036697247706422
0.7198776758409786
0.7275229357798165
0.709480122324159
0.7116207951070337
0.7324159021406728
0.7333333333333333
0.7342507645259939
0.7015290519877676
0.7204892966360856
0.7159021406727829
0.7348623853211009
0.7235474006116208
0.7262996941896025
0.7339449541284404
0.6957186544342507
0.7388379204892966
0.7220183486238532
0.7220183486238532
0.7305810397553517
0.7051987767584098
0.7308868501529052
0.7308868501529052
0.7327217125382263
0.7226299694189603
0.7192660550458716
0.7211009174311926
0.7397553516819572
0.7318042813455657
0.7327217125382263
0.7220183486238532
0.7397553516819572
0.7437308868501529
0.7305810397553517
0.7391437308868501
0.7189602446483181
0.7296636085626911
0.7376146788990826
0.735474006116208
0.7327217125382263
0.7324159021406728
0.7348623853211009
0.7336391437308869
0.7336391437308869
0.3779816513761468
0.653211009174312
0.6960244648318042
0.7125382262996942
0.7214067278287462
0.7281345565749235
0.7229357798165138
0.7192660550458716
0.7241590214067278
0.7382262996941896
0.7247706422018348
0.7391437308868501
0.7336391437308869
0.7422018348623853
0.7415902140672783
0.7336391437308869
0.744954128440367
0.7394495412844037
0.7443425076452599
0.7474006116207951
0.7510703363914373
0.7357798165137615
0.7486238532110092
0.7565749235474006
0.7574923547400612
0.7498470948012232
0.7547400611620795
0.7397553516819572
0.7480122324159021
0.7467889908256881
0.7489296636085627
0.7541284403669725
0.7446483180428135
0.7504587155963303
0.7492354740061162
0.7507645259938838
0.7510703363914373
0.753822629969419
0.7535168195718654
0.7492354740061162
0.754434250764526
0.7464831804281346
0.7522935779816514
0.7547400611620795
0.7574923547400612
0.7556574923547401
0.753822629969419
0.7565749235474006
0.7565749235474006
0.6003058103975535
0.6495412844036698
0.6822629969418961
0.7119266055045872
0.7189602446483181
0.7232415902140673
0.7281345565749235
0.7290519877675841
0.7250764525993884
0.7275229357798165
0.7189602446483181
0.7287461773700306
0.7155963302752294
0.736085626911315
0.7363914373088685
0.7357798165137615
0.7385321100917431
0.7296636085626911
0.7357798165137615
0.7296636085626911
0.7229357798165138
0.7406727828746177
0.7318042813455657
0.7379204892966361
0.7385321100917431
0.7394495412844037
0.7437308868501529
0.7492354740061162
0.7345565749235474
0.7333333333333333
0.7379204892966361
0.7235474006116208
0.7186544342507645
0.7394495412844037
0.7412844036697248
0.7422018348623853
0.7483180428134557
0.7437308868501529
0.7446483180428135
0.736697247706422
0.7458715596330275
0.7504587155963303
0.7495412844036697
0.7382262996941896
0.7388379204892966
0.7498470948012232
0.7492354740061162
0.7464831804281346
0.7467889908256881
