0.6051987767584098
0.6204892966360857
0.6302752293577981
0.6226299694189602
0.6501529051987768
0.6522935779816513
0.6856269113149847
0.6773700305810397
0.6978593272171254
0.6981651376146789
0.7119266055045872
0.6932721712538227
0.7116207951070337
0.7217125382262997
0.7168195718654434
0.7110091743119266
0.7048929663608563
0.7253822629969419
0.736697247706422
0.7385321100917431
0.746177370030581
0.7489296636085627
0.7525993883792049
0.7504587155963303
0.7510703363914373
0.754434250764526
0.7541284403669725
0.7376146788990826
0.7431192660550459
0.7492354740061162
0.7452599388379205
0.744954128440367
0.7559633027522936
0.7553516819571865
0.7556574923547401
0.7458715596330275
0.7458715596330275
0.37706422018348623
0.6217125382262997
0.6217125382262997
0.6217125382262997
0.6379204892966361
0.6590214067278287
0.6581039755351682
0.6688073394495413
0.671559633027523
0.6681957186544343
0.6990825688073394
0.7003058103975535
0.7009174311926606
0.7064220183486238
0.7006116207951071
0.7061162079510703
0.6853211009174311
0.6737003058103975
0.7097859327217125
0.709480122324159
0.7076452599388379
0.710703363914373
0.7131498470948012
0.7033639143730887
0.7128440366972477
0.7171253822629969
0.7186544342507645
0.7073394495412844
0.7137614678899082
0.7165137614678899
0.7174311926605504
0.7168195718654434
0.717737003058104
0.7207951070336391
0.718348623853211
0.7155963302752294
0.7140672782874617
0.39051987767584095
0.6229357798165137
0.6217125382262997
0.6217125382262997
0.6483180428134556
0.6648318042813456
0.6547400611620795
0.6709480122324158
0.6761467889908257
0.6782874617737003
0.6981651376146789
0.7039755351681957
0.6972477064220184
0.7159021406727829
0.7116207951070337
0.7064220183486238
0.6840978593272171
0.6951070336391437
0.7143730886850153
0.7198776758409786
0.7168195718654434
0.709480122324159
0.7223241590214067
0.7168195718654434
0.7171253822629969
0.7018348623853211
0.7113149847094801
0.7045871559633028
0.7097859327217125
0.7125382262996942
0.7036697247706422
0.7076452599388379
0.7131498470948012
0.7079510703363915
0.7119266055045872
0.710091743119266
0.710091743119266
0.01253822629969419
0.6235474006116208
0.6235474006116208
0.6290519877675841
0.6504587155963303
0.6651376146788991
0.6608562691131499
0.6847094801223241
0.6810397553516819
0.6859327217125383
0.7006116207951071
0.7055045871559633
0.7162079510703364
0.7137614678899082
0.7152905198776759
0.7134556574923547
0.6996941896024464
0.7125382262996942
0.7189602446483181
0.7018348623853211
0.7149847094801223
0.7235474006116208
0.7339449541284404
0.7281345565749235
0.7327217125382263
0.7241590214067278
0.7370030581039755
0.7357798165137615
0.7287461773700306
0.7281345565749235
0.7305810397553517
0.7290519877675841
0.7351681957186544
0.7293577981651376
0.7314984709480122
0.7314984709480122
0.7305810397553517
0.37737003058103974
0.6217125382262997
0.6217125382262997
0.6217125382262997
0.6434250764525994
0.6571865443425077
0.6743119266055045
0.6828746177370031
0.6889908256880733
0.6920489296636085
0.7039755351681957
0.710703363914373
0.7168195718654434
0.7015290519877676
0.7174311926605504
0.7155963302752294
0.6969418960244649
0.7125382262996942
0.7226299694189603
0.728440366972477
0.7140672782874617
0.7256880733944954
0.7388379204892966
0.7198776758409786
0.7217125382262997
0.7241590214067278
0.7281345565749235
0.7146788990825688
0.7308868501529052
0.7155963302752294
0.7223241590214067
0.7287461773700306
0.7412844036697248
0.7400611620795107
0.7241590214067278
0.7232415902140673
0.7223241590214067
0.5960244648318043
0.6217125382262997
0.6226299694189602
0.6223241590214067
0.6608562691131499
0.6562691131498471
0.6654434250764526
0.6776758409785932
0.6865443425076453
0.6938837920489297
0.7055045871559633
0.7146788990825688
0.7085626911314985
0.7235474006116208
0.7201834862385321
0.7116207951070337
0.6877675840978593
0.7149847094801223
0.7195718654434251
0.7226299694189603
0.7226299694189603
0.7131498470948012
0.7262996941896025
0.7241590214067278
0.728440366972477
0.7229357798165138
0.7247706422018348
0.718348623853211
0.7308868501529052
0.7324159021406728
0.7333333333333333
0.7345565749235474
0.7324159021406728
0.7339449541284404
0.7363914373088685
0.7339449541284404
0.7311926605504587
