0.6110091743119266
0.6217125382262997
0.6247706422018349
0.636085626911315
0.6574923547400612
0.6428134556574924
0.6807339449541284
0.6819571865443425
0.7097859327217125
0.7146788990825688
0.7165137614678899
0.7204892966360856
0.7259938837920489
0.7314984709480122
0.7311926605504587
0.7311926605504587
0.7330275229357798
0.7253822629969419
0.7388379204892966
0.7373088685015291
0.7519877675840979
0.7437308868501529
0.7415902140672783
0.7446483180428135
0.7504587155963303
0.745565749235474
0.746177370030581
0.7532110091743119
0.7474006116207951
0.7513761467889908
0.7437308868501529
0.7345565749235474
0.7498470948012232
0.7486238532110092
0.7519877675840979
0.7498470948012232
0.7489296636085627
0.3764525993883792
0.6217125382262997
0.6217125382262997
0.6351681957186545
0.6284403669724771
0.6311926605504588
0.6611620795107034
0.6697247706422018
0.6856269113149847
0.6840978593272171
0.6608562691131499
0.692354740061162
0.6807339449541284
0.7033639143730887
0.6871559633027523
0.7134556574923547
0.7033639143730887
0.7211009174311926
0.7217125382262997
0.7152905198776759
0.7119266055045872
0.7214067278287462
0.7256880733944954
0.7232415902140673
0.710703363914373
0.7314984709480122
0.7168195718654434
0.7229357798165138
0.7296636085626911
0.7232415902140673
0.7330275229357798
0.736085626911315
0.7327217125382263
0.7311926605504587
0.7363914373088685
0.7324159021406728
0.7321100917431193
0.38960244648318043
0.6333333333333333
0.6253822629969419
0.6290519877675841
0.6562691131498471
0.6394495412844037
0.6788990825688074
0.6773700305810397
0.6076452599388379
0.6706422018348623
0.6871559633027523
0.6767584097859327
0.6642201834862386
0.6963302752293578
0.6981651376146789
0.7036697247706422
0.7039755351681957
0.7055045871559633
0.6972477064220184
0.7070336391437309
0.7018348623853211
0.6969418960244649
0.7146788990825688
0.7015290519877676
0.7073394495412844
0.7226299694189603
0.7195718654434251
0.7168195718654434
0.7180428134556575
0.710091743119266
0.7058103975535168
0.7165137614678899
0.7174311926605504
0.7217125382262997
0.7204892966360856
0.7235474006116208
0.7232415902140673
0.045565749235474004
0.6226299694189602
0.6333333333333333
0.6223241590214067
0.652599388379205
0.6581039755351682
0.6770642201834862
0.6529051987767585
0.6941896024464832
0.6840978593272171
0.6767584097859327
0.6614678899082569
0.6963302752293578
0.7055045871559633
0.6837920489296636
0.7058103975535168
0.6886850152905198
0.7058103975535168
0.6954128440366972
0.7076452599388379
0.7085626911314985
0.7262996941896025
0.6865443425076453
0.710703363914373
0.7232415902140673
0.691743119266055
0.7064220183486238
0.7159021406727829
0.7214067278287462
0.7174311926605504
0.7152905198776759
0.7189602446483181
0.7103975535168195
0.7250764525993884
0.7180428134556575
0.7201834862385321
0.7198776758409786
0.3779816513761468
0.6217125382262997
0.6223241590214067
0.6314984709480123
0.6501529051987768
0.6470948012232416
0.6675840978593273
0.6761467889908257
0.6737003058103975
0.6856269113149847
0.6908256880733945
0.6948012232415902
0.7009174311926606
0.6779816513761467
0.6975535168195719
0.7140672782874617
0.6944954128440367
0.7036697247706422
0.7067278287461773
0.7076452599388379
0.7262996941896025
0.727217125382263
0.7137614678899082
0.7076452599388379
0.6981651376146789
0.7253822629969419
0.7232415902140673
0.7299694189602447
0.7214067278287462
0.7262996941896025
0.7229357798165138
0.7247706422018348
0.7244648318042813
0.7241590214067278
0.7168195718654434
0.7165137614678899
0.718348623853211
0.6003058103975535
0.6232415902140673
0.637308868501529
0.6571865443425077
0.6617737003058104
0.6602446483180429
0.6752293577981652
0.6844036697247706
0.691743119266055
0.6938837920489297
0.6737003058103975
0.6987767584097859
0.7076452599388379
0.7113149847094801
0.7018348623853211
0.7024464831804281
0.6966360856269113
0.7171253822629969
0.7125382262996942
0.7067278287461773
0.7302752293577982
0.718348623853211
0.7281345565749235
0.7201834862385321
0.7333333333333333
0.7336391437308869
0.7363914373088685
0.7348623853211009
0.7382262996941896
0.7171253822629969
0.7363914373088685
0.7336391437308869
0.7155963302752294
0.7351681957186544
0.7302752293577982
0.7376146788990826
0.7373088685015291
